100 19800 -1 0 100
0 0.00 0.00
1 0.00 11.11
2 0.00 22.22
3 0.00 33.33
4 0.00 44.44
5 0.00 55.56
6 0.00 66.67
7 0.00 77.78
8 0.00 88.89
9 0.00 100.00
10 11.11 0.00
11 11.11 11.11
12 11.11 22.22
13 11.11 33.33
14 11.11 44.44
15 11.11 55.56
16 11.11 66.67
17 11.11 77.78
18 11.11 88.89
19 11.11 100.00
20 22.22 0.00
21 22.22 11.11
22 22.22 22.22
23 22.22 33.33
24 22.22 44.44
25 22.22 55.56
26 22.22 66.67
27 22.22 77.78
28 22.22 88.89
29 22.22 100.00
30 33.33 0.00
31 33.33 11.11
32 33.33 22.22
33 33.33 33.33
34 33.33 44.44
35 33.33 55.56
36 33.33 66.67
37 33.33 77.78
38 33.33 88.89
39 33.33 100.00
40 44.44 0.00
41 44.44 11.11
42 44.44 22.22
43 44.44 33.33
44 44.44 44.44
45 44.44 55.56
46 44.44 66.67
47 44.44 77.78
48 44.44 88.89
49 44.44 100.00
50 55.56 0.00
51 55.56 11.11
52 55.56 22.22
53 55.56 33.33
54 55.56 44.44
55 55.56 55.56
56 55.56 66.67
57 55.56 77.78
58 55.56 88.89
59 55.56 100.00
60 66.67 0.00
61 66.67 11.11
62 66.67 22.22
63 66.67 33.33
64 66.67 44.44
65 66.67 55.56
66 66.67 66.67
67 66.67 77.78
68 66.67 88.89
69 66.67 100.00
70 77.78 0.00
71 77.78 11.11
72 77.78 22.22
73 77.78 33.33
74 77.78 44.44
75 77.78 55.56
76 77.78 66.67
77 77.78 77.78
78 77.78 88.89
79 77.78 100.00
80 88.89 0.00
81 88.89 11.11
82 88.89 22.22
83 88.89 33.33
84 88.89 44.44
85 88.89 55.56
86 88.89 66.67
87 88.89 77.78
88 88.89 88.89
89 88.89 100.00
90 100.00 0.00
91 100.00 11.11
92 100.00 22.22
93 100.00 33.33
94 100.00 44.44
95 100.00 55.56
96 100.00 66.67
97 100.00 77.78
98 100.00 88.89
99 100.00 100.00
0 1
0 10
1 2
1 11
2 3
2 12
3 4
3 13
4 5
4 14
5 6
5 15
6 7
6 16
7 8
7 17
8 9
8 18
9 19
10 11
10 20
11 12
11 21
12 13
12 22
13 14
13 23
14 15
14 24
15 16
15 25
16 17
16 26
17 18
17 27
18 19
18 28
19 29
20 21
20 30
21 22
21 31
22 23
22 32
23 24
23 33
24 25
24 34
25 26
25 35
26 27
26 36
27 28
27 37
28 29
28 38
29 39
30 31
30 40
31 32
31 41
32 33
32 42
33 34
33 43
34 35
34 44
35 36
35 45
36 37
36 46
37 38
37 47
38 39
38 48
39 49
40 41
40 50
41 42
41 51
42 43
42 52
43 44
43 53
44 45
44 54
45 46
45 55
46 47
46 56
47 48
47 57
48 49
48 58
49 59
50 51
50 60
51 52
51 61
52 53
52 62
53 54
53 63
54 55
54 64
55 56
55 65
56 57
56 66
57 58
57 67
58 59
58 68
59 69
60 61
60 70
61 62
61 71
62 63
62 72
63 64
63 73
64 65
64 74
65 66
65 75
66 67
66 76
67 68
67 77
68 69
68 78
69 79
70 71
70 80
71 72
71 81
72 73
72 82
73 74
73 83
74 75
74 84
75 76
75 85
76 77
76 86
77 78
77 87
78 79
78 88
79 89
80 81
80 90
81 82
81 91
82 83
82 92
83 84
83 93
84 85
84 94
85 86
85 95
86 87
86 96
87 88
87 97
88 89
88 98
89 99
90 91
91 92
92 93
93 94
94 95
95 96
96 97
97 98
98 99
