1000 1998000 1 0 1000
0 0.00 0.00
1 0.00 3.33
2 0.00 6.67
3 0.00 10.00
4 0.00 13.33
5 0.00 16.67
6 0.00 20.00
7 0.00 23.33
8 0.00 26.67
9 0.00 30.00
10 0.00 33.33
11 0.00 36.67
12 0.00 40.00
13 0.00 43.33
14 0.00 46.67
15 0.00 50.00
16 0.00 53.33
17 0.00 56.67
18 0.00 60.00
19 0.00 63.33
20 0.00 66.67
21 0.00 70.00
22 0.00 73.33
23 0.00 76.67
24 0.00 80.00
25 0.00 83.33
26 0.00 86.67
27 0.00 90.00
28 0.00 93.33
29 0.00 96.67
30 0.00 100.00
31 3.33 0.00
32 3.33 3.33
33 3.33 6.67
34 3.33 10.00
35 3.33 13.33
36 3.33 16.67
37 3.33 20.00
38 3.33 23.33
39 3.33 26.67
40 3.33 30.00
41 3.33 33.33
42 3.33 36.67
43 3.33 40.00
44 3.33 43.33
45 3.33 46.67
46 3.33 50.00
47 3.33 53.33
48 3.33 56.67
49 3.33 60.00
50 3.33 63.33
51 3.33 66.67
52 3.33 70.00
53 3.33 73.33
54 3.33 76.67
55 3.33 80.00
56 3.33 83.33
57 3.33 86.67
58 3.33 90.00
59 3.33 93.33
60 3.33 96.67
61 3.33 100.00
62 6.67 0.00
63 6.67 3.33
64 6.67 6.67
65 6.67 10.00
66 6.67 13.33
67 6.67 16.67
68 6.67 20.00
69 6.67 23.33
70 6.67 26.67
71 6.67 30.00
72 6.67 33.33
73 6.67 36.67
74 6.67 40.00
75 6.67 43.33
76 6.67 46.67
77 6.67 50.00
78 6.67 53.33
79 6.67 56.67
80 6.67 60.00
81 6.67 63.33
82 6.67 66.67
83 6.67 70.00
84 6.67 73.33
85 6.67 76.67
86 6.67 80.00
87 6.67 83.33
88 6.67 86.67
89 6.67 90.00
90 6.67 93.33
91 6.67 96.67
92 6.67 100.00
93 10.00 0.00
94 10.00 3.33
95 10.00 6.67
96 10.00 10.00
97 10.00 13.33
98 10.00 16.67
99 10.00 20.00
100 10.00 23.33
101 10.00 26.67
102 10.00 30.00
103 10.00 33.33
104 10.00 36.67
105 10.00 40.00
106 10.00 43.33
107 10.00 46.67
108 10.00 50.00
109 10.00 53.33
110 10.00 56.67
111 10.00 60.00
112 10.00 63.33
113 10.00 66.67
114 10.00 70.00
115 10.00 73.33
116 10.00 76.67
117 10.00 80.00
118 10.00 83.33
119 10.00 86.67
120 10.00 90.00
121 10.00 93.33
122 10.00 96.67
123 10.00 100.00
124 13.33 0.00
125 13.33 3.33
126 13.33 6.67
127 13.33 10.00
128 13.33 13.33
129 13.33 16.67
130 13.33 20.00
131 13.33 23.33
132 13.33 26.67
133 13.33 30.00
134 13.33 33.33
135 13.33 36.67
136 13.33 40.00
137 13.33 43.33
138 13.33 46.67
139 13.33 50.00
140 13.33 53.33
141 13.33 56.67
142 13.33 60.00
143 13.33 63.33
144 13.33 66.67
145 13.33 70.00
146 13.33 73.33
147 13.33 76.67
148 13.33 80.00
149 13.33 83.33
150 13.33 86.67
151 13.33 90.00
152 13.33 93.33
153 13.33 96.67
154 13.33 100.00
155 16.67 0.00
156 16.67 3.33
157 16.67 6.67
158 16.67 10.00
159 16.67 13.33
160 16.67 16.67
161 16.67 20.00
162 16.67 23.33
163 16.67 26.67
164 16.67 30.00
165 16.67 33.33
166 16.67 36.67
167 16.67 40.00
168 16.67 43.33
169 16.67 46.67
170 16.67 50.00
171 16.67 53.33
172 16.67 56.67
173 16.67 60.00
174 16.67 63.33
175 16.67 66.67
176 16.67 70.00
177 16.67 73.33
178 16.67 76.67
179 16.67 80.00
180 16.67 83.33
181 16.67 86.67
182 16.67 90.00
183 16.67 93.33
184 16.67 96.67
185 16.67 100.00
186 20.00 0.00
187 20.00 3.33
188 20.00 6.67
189 20.00 10.00
190 20.00 13.33
191 20.00 16.67
192 20.00 20.00
193 20.00 23.33
194 20.00 26.67
195 20.00 30.00
196 20.00 33.33
197 20.00 36.67
198 20.00 40.00
199 20.00 43.33
200 20.00 46.67
201 20.00 50.00
202 20.00 53.33
203 20.00 56.67
204 20.00 60.00
205 20.00 63.33
206 20.00 66.67
207 20.00 70.00
208 20.00 73.33
209 20.00 76.67
210 20.00 80.00
211 20.00 83.33
212 20.00 86.67
213 20.00 90.00
214 20.00 93.33
215 20.00 96.67
216 20.00 100.00
217 23.33 0.00
218 23.33 3.33
219 23.33 6.67
220 23.33 10.00
221 23.33 13.33
222 23.33 16.67
223 23.33 20.00
224 23.33 23.33
225 23.33 26.67
226 23.33 30.00
227 23.33 33.33
228 23.33 36.67
229 23.33 40.00
230 23.33 43.33
231 23.33 46.67
232 23.33 50.00
233 23.33 53.33
234 23.33 56.67
235 23.33 60.00
236 23.33 63.33
237 23.33 66.67
238 23.33 70.00
239 23.33 73.33
240 23.33 76.67
241 23.33 80.00
242 23.33 83.33
243 23.33 86.67
244 23.33 90.00
245 23.33 93.33
246 23.33 96.67
247 23.33 100.00
248 26.67 0.00
249 26.67 3.33
250 26.67 6.67
251 26.67 10.00
252 26.67 13.33
253 26.67 16.67
254 26.67 20.00
255 26.67 23.33
256 26.67 26.67
257 26.67 30.00
258 26.67 33.33
259 26.67 36.67
260 26.67 40.00
261 26.67 43.33
262 26.67 46.67
263 26.67 50.00
264 26.67 53.33
265 26.67 56.67
266 26.67 60.00
267 26.67 63.33
268 26.67 66.67
269 26.67 70.00
270 26.67 73.33
271 26.67 76.67
272 26.67 80.00
273 26.67 83.33
274 26.67 86.67
275 26.67 90.00
276 26.67 93.33
277 26.67 96.67
278 26.67 100.00
279 30.00 0.00
280 30.00 3.33
281 30.00 6.67
282 30.00 10.00
283 30.00 13.33
284 30.00 16.67
285 30.00 20.00
286 30.00 23.33
287 30.00 26.67
288 30.00 30.00
289 30.00 33.33
290 30.00 36.67
291 30.00 40.00
292 30.00 43.33
293 30.00 46.67
294 30.00 50.00
295 30.00 53.33
296 30.00 56.67
297 30.00 60.00
298 30.00 63.33
299 30.00 66.67
300 30.00 70.00
301 30.00 73.33
302 30.00 76.67
303 30.00 80.00
304 30.00 83.33
305 30.00 86.67
306 30.00 90.00
307 30.00 93.33
308 30.00 96.67
309 30.00 100.00
310 33.33 0.00
311 33.33 3.33
312 33.33 6.67
313 33.33 10.00
314 33.33 13.33
315 33.33 16.67
316 33.33 20.00
317 33.33 23.33
318 33.33 26.67
319 33.33 30.00
320 33.33 33.33
321 33.33 36.67
322 33.33 40.00
323 33.33 43.33
324 33.33 46.67
325 33.33 50.00
326 33.33 53.33
327 33.33 56.67
328 33.33 60.00
329 33.33 63.33
330 33.33 66.67
331 33.33 70.00
332 33.33 73.33
333 33.33 76.67
334 33.33 80.00
335 33.33 83.33
336 33.33 86.67
337 33.33 90.00
338 33.33 93.33
339 33.33 96.67
340 33.33 100.00
341 36.67 0.00
342 36.67 3.33
343 36.67 6.67
344 36.67 10.00
345 36.67 13.33
346 36.67 16.67
347 36.67 20.00
348 36.67 23.33
349 36.67 26.67
350 36.67 30.00
351 36.67 33.33
352 36.67 36.67
353 36.67 40.00
354 36.67 43.33
355 36.67 46.67
356 36.67 50.00
357 36.67 53.33
358 36.67 56.67
359 36.67 60.00
360 36.67 63.33
361 36.67 66.67
362 36.67 70.00
363 36.67 73.33
364 36.67 76.67
365 36.67 80.00
366 36.67 83.33
367 36.67 86.67
368 36.67 90.00
369 36.67 93.33
370 36.67 96.67
371 36.67 100.00
372 40.00 0.00
373 40.00 3.33
374 40.00 6.67
375 40.00 10.00
376 40.00 13.33
377 40.00 16.67
378 40.00 20.00
379 40.00 23.33
380 40.00 26.67
381 40.00 30.00
382 40.00 33.33
383 40.00 36.67
384 40.00 40.00
385 40.00 43.33
386 40.00 46.67
387 40.00 50.00
388 40.00 53.33
389 40.00 56.67
390 40.00 60.00
391 40.00 63.33
392 40.00 66.67
393 40.00 70.00
394 40.00 73.33
395 40.00 76.67
396 40.00 80.00
397 40.00 83.33
398 40.00 86.67
399 40.00 90.00
400 40.00 93.33
401 40.00 96.67
402 40.00 100.00
403 43.33 0.00
404 43.33 3.33
405 43.33 6.67
406 43.33 10.00
407 43.33 13.33
408 43.33 16.67
409 43.33 20.00
410 43.33 23.33
411 43.33 26.67
412 43.33 30.00
413 43.33 33.33
414 43.33 36.67
415 43.33 40.00
416 43.33 43.33
417 43.33 46.67
418 43.33 50.00
419 43.33 53.33
420 43.33 56.67
421 43.33 60.00
422 43.33 63.33
423 43.33 66.67
424 43.33 70.00
425 43.33 73.33
426 43.33 76.67
427 43.33 80.00
428 43.33 83.33
429 43.33 86.67
430 43.33 90.00
431 43.33 93.33
432 43.33 96.67
433 43.33 100.00
434 46.67 0.00
435 46.67 3.33
436 46.67 6.67
437 46.67 10.00
438 46.67 13.33
439 46.67 16.67
440 46.67 20.00
441 46.67 23.33
442 46.67 26.67
443 46.67 30.00
444 46.67 33.33
445 46.67 36.67
446 46.67 40.00
447 46.67 43.33
448 46.67 46.67
449 46.67 50.00
450 46.67 53.33
451 46.67 56.67
452 46.67 60.00
453 46.67 63.33
454 46.67 66.67
455 46.67 70.00
456 46.67 73.33
457 46.67 76.67
458 46.67 80.00
459 46.67 83.33
460 46.67 86.67
461 46.67 90.00
462 46.67 93.33
463 46.67 96.67
464 46.67 100.00
465 50.00 0.00
466 50.00 3.33
467 50.00 6.67
468 50.00 10.00
469 50.00 13.33
470 50.00 16.67
471 50.00 20.00
472 50.00 23.33
473 50.00 26.67
474 50.00 30.00
475 50.00 33.33
476 50.00 36.67
477 50.00 40.00
478 50.00 43.33
479 50.00 46.67
480 50.00 50.00
481 50.00 53.33
482 50.00 56.67
483 50.00 60.00
484 50.00 63.33
485 50.00 66.67
486 50.00 70.00
487 50.00 73.33
488 50.00 76.67
489 50.00 80.00
490 50.00 83.33
491 50.00 86.67
492 50.00 90.00
493 50.00 93.33
494 50.00 96.67
495 50.00 100.00
496 53.33 0.00
497 53.33 3.33
498 53.33 6.67
499 53.33 10.00
500 53.33 13.33
501 53.33 16.67
502 53.33 20.00
503 53.33 23.33
504 53.33 26.67
505 53.33 30.00
506 53.33 33.33
507 53.33 36.67
508 53.33 40.00
509 53.33 43.33
510 53.33 46.67
511 53.33 50.00
512 53.33 53.33
513 53.33 56.67
514 53.33 60.00
515 53.33 63.33
516 53.33 66.67
517 53.33 70.00
518 53.33 73.33
519 53.33 76.67
520 53.33 80.00
521 53.33 83.33
522 53.33 86.67
523 53.33 90.00
524 53.33 93.33
525 53.33 96.67
526 53.33 100.00
527 56.67 0.00
528 56.67 3.33
529 56.67 6.67
530 56.67 10.00
531 56.67 13.33
532 56.67 16.67
533 56.67 20.00
534 56.67 23.33
535 56.67 26.67
536 56.67 30.00
537 56.67 33.33
538 56.67 36.67
539 56.67 40.00
540 56.67 43.33
541 56.67 46.67
542 56.67 50.00
543 56.67 53.33
544 56.67 56.67
545 56.67 60.00
546 56.67 63.33
547 56.67 66.67
548 56.67 70.00
549 56.67 73.33
550 56.67 76.67
551 56.67 80.00
552 56.67 83.33
553 56.67 86.67
554 56.67 90.00
555 56.67 93.33
556 56.67 96.67
557 56.67 100.00
558 60.00 0.00
559 60.00 3.33
560 60.00 6.67
561 60.00 10.00
562 60.00 13.33
563 60.00 16.67
564 60.00 20.00
565 60.00 23.33
566 60.00 26.67
567 60.00 30.00
568 60.00 33.33
569 60.00 36.67
570 60.00 40.00
571 60.00 43.33
572 60.00 46.67
573 60.00 50.00
574 60.00 53.33
575 60.00 56.67
576 60.00 60.00
577 60.00 63.33
578 60.00 66.67
579 60.00 70.00
580 60.00 73.33
581 60.00 76.67
582 60.00 80.00
583 60.00 83.33
584 60.00 86.67
585 60.00 90.00
586 60.00 93.33
587 60.00 96.67
588 60.00 100.00
589 63.33 0.00
590 63.33 3.33
591 63.33 6.67
592 63.33 10.00
593 63.33 13.33
594 63.33 16.67
595 63.33 20.00
596 63.33 23.33
597 63.33 26.67
598 63.33 30.00
599 63.33 33.33
600 63.33 36.67
601 63.33 40.00
602 63.33 43.33
603 63.33 46.67
604 63.33 50.00
605 63.33 53.33
606 63.33 56.67
607 63.33 60.00
608 63.33 63.33
609 63.33 66.67
610 63.33 70.00
611 63.33 73.33
612 63.33 76.67
613 63.33 80.00
614 63.33 83.33
615 63.33 86.67
616 63.33 90.00
617 63.33 93.33
618 63.33 96.67
619 63.33 100.00
620 66.67 0.00
621 66.67 3.33
622 66.67 6.67
623 66.67 10.00
624 66.67 13.33
625 66.67 16.67
626 66.67 20.00
627 66.67 23.33
628 66.67 26.67
629 66.67 30.00
630 66.67 33.33
631 66.67 36.67
632 66.67 40.00
633 66.67 43.33
634 66.67 46.67
635 66.67 50.00
636 66.67 53.33
637 66.67 56.67
638 66.67 60.00
639 66.67 63.33
640 66.67 66.67
641 66.67 70.00
642 66.67 73.33
643 66.67 76.67
644 66.67 80.00
645 66.67 83.33
646 66.67 86.67
647 66.67 90.00
648 66.67 93.33
649 66.67 96.67
650 66.67 100.00
651 70.00 0.00
652 70.00 3.33
653 70.00 6.67
654 70.00 10.00
655 70.00 13.33
656 70.00 16.67
657 70.00 20.00
658 70.00 23.33
659 70.00 26.67
660 70.00 30.00
661 70.00 33.33
662 70.00 36.67
663 70.00 40.00
664 70.00 43.33
665 70.00 46.67
666 70.00 50.00
667 70.00 53.33
668 70.00 56.67
669 70.00 60.00
670 70.00 63.33
671 70.00 66.67
672 70.00 70.00
673 70.00 73.33
674 70.00 76.67
675 70.00 80.00
676 70.00 83.33
677 70.00 86.67
678 70.00 90.00
679 70.00 93.33
680 70.00 96.67
681 70.00 100.00
682 73.33 0.00
683 73.33 3.33
684 73.33 6.67
685 73.33 10.00
686 73.33 13.33
687 73.33 16.67
688 73.33 20.00
689 73.33 23.33
690 73.33 26.67
691 73.33 30.00
692 73.33 33.33
693 73.33 36.67
694 73.33 40.00
695 73.33 43.33
696 73.33 46.67
697 73.33 50.00
698 73.33 53.33
699 73.33 56.67
700 73.33 60.00
701 73.33 63.33
702 73.33 66.67
703 73.33 70.00
704 73.33 73.33
705 73.33 76.67
706 73.33 80.00
707 73.33 83.33
708 73.33 86.67
709 73.33 90.00
710 73.33 93.33
711 73.33 96.67
712 73.33 100.00
713 76.67 0.00
714 76.67 3.33
715 76.67 6.67
716 76.67 10.00
717 76.67 13.33
718 76.67 16.67
719 76.67 20.00
720 76.67 23.33
721 76.67 26.67
722 76.67 30.00
723 76.67 33.33
724 76.67 36.67
725 76.67 40.00
726 76.67 43.33
727 76.67 46.67
728 76.67 50.00
729 76.67 53.33
730 76.67 56.67
731 76.67 60.00
732 76.67 63.33
733 76.67 66.67
734 76.67 70.00
735 76.67 73.33
736 76.67 76.67
737 76.67 80.00
738 76.67 83.33
739 76.67 86.67
740 76.67 90.00
741 76.67 93.33
742 76.67 96.67
743 76.67 100.00
744 80.00 0.00
745 80.00 3.33
746 80.00 6.67
747 80.00 10.00
748 80.00 13.33
749 80.00 16.67
750 80.00 20.00
751 80.00 23.33
752 80.00 26.67
753 80.00 30.00
754 80.00 33.33
755 80.00 36.67
756 80.00 40.00
757 80.00 43.33
758 80.00 46.67
759 80.00 50.00
760 80.00 53.33
761 80.00 56.67
762 80.00 60.00
763 80.00 63.33
764 80.00 66.67
765 80.00 70.00
766 80.00 73.33
767 80.00 76.67
768 80.00 80.00
769 80.00 83.33
770 80.00 86.67
771 80.00 90.00
772 80.00 93.33
773 80.00 96.67
774 80.00 100.00
775 83.33 0.00
776 83.33 3.33
777 83.33 6.67
778 83.33 10.00
779 83.33 13.33
780 83.33 16.67
781 83.33 20.00
782 83.33 23.33
783 83.33 26.67
784 83.33 30.00
785 83.33 33.33
786 83.33 36.67
787 83.33 40.00
788 83.33 43.33
789 83.33 46.67
790 83.33 50.00
791 83.33 53.33
792 83.33 56.67
793 83.33 60.00
794 83.33 63.33
795 83.33 66.67
796 83.33 70.00
797 83.33 73.33
798 83.33 76.67
799 83.33 80.00
800 83.33 83.33
801 83.33 86.67
802 83.33 90.00
803 83.33 93.33
804 83.33 96.67
805 83.33 100.00
806 86.67 0.00
807 86.67 3.33
808 86.67 6.67
809 86.67 10.00
810 86.67 13.33
811 86.67 16.67
812 86.67 20.00
813 86.67 23.33
814 86.67 26.67
815 86.67 30.00
816 86.67 33.33
817 86.67 36.67
818 86.67 40.00
819 86.67 43.33
820 86.67 46.67
821 86.67 50.00
822 86.67 53.33
823 86.67 56.67
824 86.67 60.00
825 86.67 63.33
826 86.67 66.67
827 86.67 70.00
828 86.67 73.33
829 86.67 76.67
830 86.67 80.00
831 86.67 83.33
832 86.67 86.67
833 86.67 90.00
834 86.67 93.33
835 86.67 96.67
836 86.67 100.00
837 90.00 0.00
838 90.00 3.33
839 90.00 6.67
840 90.00 10.00
841 90.00 13.33
842 90.00 16.67
843 90.00 20.00
844 90.00 23.33
845 90.00 26.67
846 90.00 30.00
847 90.00 33.33
848 90.00 36.67
849 90.00 40.00
850 90.00 43.33
851 90.00 46.67
852 90.00 50.00
853 90.00 53.33
854 90.00 56.67
855 90.00 60.00
856 90.00 63.33
857 90.00 66.67
858 90.00 70.00
859 90.00 73.33
860 90.00 76.67
861 90.00 80.00
862 90.00 83.33
863 90.00 86.67
864 90.00 90.00
865 90.00 93.33
866 90.00 96.67
867 90.00 100.00
868 93.33 0.00
869 93.33 3.33
870 93.33 6.67
871 93.33 10.00
872 93.33 13.33
873 93.33 16.67
874 93.33 20.00
875 93.33 23.33
876 93.33 26.67
877 93.33 30.00
878 93.33 33.33
879 93.33 36.67
880 93.33 40.00
881 93.33 43.33
882 93.33 46.67
883 93.33 50.00
884 93.33 53.33
885 93.33 56.67
886 93.33 60.00
887 93.33 63.33
888 93.33 66.67
889 93.33 70.00
890 93.33 73.33
891 93.33 76.67
892 93.33 80.00
893 93.33 83.33
894 93.33 86.67
895 93.33 90.00
896 93.33 93.33
897 93.33 96.67
898 93.33 100.00
899 96.67 0.00
900 96.67 3.33
901 96.67 6.67
902 96.67 10.00
903 96.67 13.33
904 96.67 16.67
905 96.67 20.00
906 96.67 23.33
907 96.67 26.67
908 96.67 30.00
909 96.67 33.33
910 96.67 36.67
911 96.67 40.00
912 96.67 43.33
913 96.67 46.67
914 96.67 50.00
915 96.67 53.33
916 96.67 56.67
917 96.67 60.00
918 96.67 63.33
919 96.67 66.67
920 96.67 70.00
921 96.67 73.33
922 96.67 76.67
923 96.67 80.00
924 96.67 83.33
925 96.67 86.67
926 96.67 90.00
927 96.67 93.33
928 96.67 96.67
929 96.67 100.00
930 100.00 0.00
931 100.00 3.33
932 100.00 6.67
933 100.00 10.00
934 100.00 13.33
935 100.00 16.67
936 100.00 20.00
937 100.00 23.33
938 100.00 26.67
939 100.00 30.00
940 100.00 33.33
941 100.00 36.67
942 100.00 40.00
943 100.00 43.33
944 100.00 46.67
945 100.00 50.00
946 100.00 53.33
947 100.00 56.67
948 100.00 60.00
949 100.00 63.33
950 100.00 66.67
951 100.00 70.00
952 100.00 73.33
953 100.00 76.67
954 100.00 80.00
955 100.00 83.33
956 100.00 86.67
957 100.00 90.00
958 100.00 93.33
959 100.00 96.67
960 100.00 100.00
0 1
0 31
1 2
1 32
2 3
2 33
3 4
3 34
4 5
4 35
5 6
5 36
6 7
6 37
7 8
7 38
8 9
8 39
9 10
9 40
10 11
10 41
11 12
11 42
12 13
12 43
13 14
13 44
14 15
14 45
15 16
15 46
16 17
16 47
17 18
17 48
18 19
18 49
19 20
19 50
20 21
20 51
21 22
21 52
22 23
22 53
23 24
23 54
24 25
24 55
25 26
25 56
26 27
26 57
27 28
27 58
28 29
28 59
29 30
29 60
30 61
31 32
31 62
32 33
32 63
33 34
33 64
34 35
34 65
35 36
35 66
36 37
36 67
37 38
37 68
38 39
38 69
39 40
39 70
40 41
40 71
41 42
41 72
42 43
42 73
43 44
43 74
44 45
44 75
45 46
45 76
46 47
46 77
47 48
47 78
48 49
48 79
49 50
49 80
50 51
50 81
51 52
51 82
52 53
52 83
53 54
53 84
54 55
54 85
55 56
55 86
56 57
56 87
57 58
57 88
58 59
58 89
59 60
59 90
60 61
60 91
61 92
62 63
62 93
63 64
63 94
64 65
64 95
65 66
65 96
66 67
66 97
67 68
67 98
68 69
68 99
69 70
69 100
70 71
70 101
71 72
71 102
72 73
72 103
73 74
73 104
74 75
74 105
75 76
75 106
76 77
76 107
77 78
77 108
78 79
78 109
79 80
79 110
80 81
80 111
81 82
81 112
82 83
82 113
83 84
83 114
84 85
84 115
85 86
85 116
86 87
86 117
87 88
87 118
88 89
88 119
89 90
89 120
90 91
90 121
91 92
91 122
92 123
93 94
93 124
94 95
94 125
95 96
95 126
96 97
96 127
97 98
97 128
98 99
98 129
99 100
99 130
100 101
100 131
101 102
101 132
102 103
102 133
103 104
103 134
104 105
104 135
105 106
105 136
106 107
106 137
107 108
107 138
108 109
108 139
109 110
109 140
110 111
110 141
111 112
111 142
112 113
112 143
113 114
113 144
114 115
114 145
115 116
115 146
116 117
116 147
117 118
117 148
118 119
118 149
119 120
119 150
120 121
120 151
121 122
121 152
122 123
122 153
123 154
124 125
124 155
125 126
125 156
126 127
126 157
127 128
127 158
128 129
128 159
129 130
129 160
130 131
130 161
131 132
131 162
132 133
132 163
133 134
133 164
134 135
134 165
135 136
135 166
136 137
136 167
137 138
137 168
138 139
138 169
139 140
139 170
140 141
140 171
141 142
141 172
142 143
142 173
143 144
143 174
144 145
144 175
145 146
145 176
146 147
146 177
147 148
147 178
148 149
148 179
149 150
149 180
150 151
150 181
151 152
151 182
152 153
152 183
153 154
153 184
154 185
155 156
155 186
156 157
156 187
157 158
157 188
158 159
158 189
159 160
159 190
160 161
160 191
161 162
161 192
162 163
162 193
163 164
163 194
164 165
164 195
165 166
165 196
166 167
166 197
167 168
167 198
168 169
168 199
169 170
169 200
170 171
170 201
171 172
171 202
172 173
172 203
173 174
173 204
174 175
174 205
175 176
175 206
176 177
176 207
177 178
177 208
178 179
178 209
179 180
179 210
180 181
180 211
181 182
181 212
182 183
182 213
183 184
183 214
184 185
184 215
185 216
186 187
186 217
187 188
187 218
188 189
188 219
189 190
189 220
190 191
190 221
191 192
191 222
192 193
192 223
193 194
193 224
194 195
194 225
195 196
195 226
196 197
196 227
197 198
197 228
198 199
198 229
199 200
199 230
200 201
200 231
201 202
201 232
202 203
202 233
203 204
203 234
204 205
204 235
205 206
205 236
206 207
206 237
207 208
207 238
208 209
208 239
209 210
209 240
210 211
210 241
211 212
211 242
212 213
212 243
213 214
213 244
214 215
214 245
215 216
215 246
216 247
217 218
217 248
218 219
218 249
219 220
219 250
220 221
220 251
221 222
221 252
222 223
222 253
223 224
223 254
224 225
224 255
225 226
225 256
226 227
226 257
227 228
227 258
228 229
228 259
229 230
229 260
230 231
230 261
231 232
231 262
232 233
232 263
233 234
233 264
234 235
234 265
235 236
235 266
236 237
236 267
237 238
237 268
238 239
238 269
239 240
239 270
240 241
240 271
241 242
241 272
242 243
242 273
243 244
243 274
244 245
244 275
245 246
245 276
246 247
246 277
247 278
248 249
248 279
249 250
249 280
250 251
250 281
251 252
251 282
252 253
252 283
253 254
253 284
254 255
254 285
255 256
255 286
256 257
256 287
257 258
257 288
258 259
258 289
259 260
259 290
260 261
260 291
261 262
261 292
262 263
262 293
263 264
263 294
264 265
264 295
265 266
265 296
266 267
266 297
267 268
267 298
268 269
268 299
269 270
269 300
270 271
270 301
271 272
271 302
272 273
272 303
273 274
273 304
274 275
274 305
275 276
275 306
276 277
276 307
277 278
277 308
278 309
279 280
279 310
280 281
280 311
281 282
281 312
282 283
282 313
283 284
283 314
284 285
284 315
285 286
285 316
286 287
286 317
287 288
287 318
288 289
288 319
289 290
289 320
290 291
290 321
291 292
291 322
292 293
292 323
293 294
293 324
294 295
294 325
295 296
295 326
296 297
296 327
297 298
297 328
298 299
298 329
299 300
299 330
300 301
300 331
301 302
301 332
302 303
302 333
303 304
303 334
304 305
304 335
305 306
305 336
306 307
306 337
307 308
307 338
308 309
308 339
309 340
310 311
310 341
311 312
311 342
312 313
312 343
313 314
313 344
314 315
314 345
315 316
315 346
316 317
316 347
317 318
317 348
318 319
318 349
319 320
319 350
320 321
320 351
321 322
321 352
322 323
322 353
323 324
323 354
324 325
324 355
325 326
325 356
326 327
326 357
327 328
327 358
328 329
328 359
329 330
329 360
330 331
330 361
331 332
331 362
332 333
332 363
333 334
333 364
334 335
334 365
335 336
335 366
336 337
336 367
337 338
337 368
338 339
338 369
339 340
339 370
340 371
341 342
341 372
342 343
342 373
343 344
343 374
344 345
344 375
345 346
345 376
346 347
346 377
347 348
347 378
348 349
348 379
349 350
349 380
350 351
350 381
351 352
351 382
352 353
352 383
353 354
353 384
354 355
354 385
355 356
355 386
356 357
356 387
357 358
357 388
358 359
358 389
359 360
359 390
360 361
360 391
361 362
361 392
362 363
362 393
363 364
363 394
364 365
364 395
365 366
365 396
366 367
366 397
367 368
367 398
368 369
368 399
369 370
369 400
370 371
370 401
371 402
372 373
372 403
373 374
373 404
374 375
374 405
375 376
375 406
376 377
376 407
377 378
377 408
378 379
378 409
379 380
379 410
380 381
380 411
381 382
381 412
382 383
382 413
383 384
383 414
384 385
384 415
385 386
385 416
386 387
386 417
387 388
387 418
388 389
388 419
389 390
389 420
390 391
390 421
391 392
391 422
392 393
392 423
393 394
393 424
394 395
394 425
395 396
395 426
396 397
396 427
397 398
397 428
398 399
398 429
399 400
399 430
400 401
400 431
401 402
401 432
402 433
403 404
403 434
404 405
404 435
405 406
405 436
406 407
406 437
407 408
407 438
408 409
408 439
409 410
409 440
410 411
410 441
411 412
411 442
412 413
412 443
413 414
413 444
414 415
414 445
415 416
415 446
416 417
416 447
417 418
417 448
418 419
418 449
419 420
419 450
420 421
420 451
421 422
421 452
422 423
422 453
423 424
423 454
424 425
424 455
425 426
425 456
426 427
426 457
427 428
427 458
428 429
428 459
429 430
429 460
430 431
430 461
431 432
431 462
432 433
432 463
433 464
434 435
434 465
435 436
435 466
436 437
436 467
437 438
437 468
438 439
438 469
439 440
439 470
440 441
440 471
441 442
441 472
442 443
442 473
443 444
443 474
444 445
444 475
445 446
445 476
446 447
446 477
447 448
447 478
448 449
448 479
449 450
449 480
450 451
450 481
451 452
451 482
452 453
452 483
453 454
453 484
454 455
454 485
455 456
455 486
456 457
456 487
457 458
457 488
458 459
458 489
459 460
459 490
460 461
460 491
461 462
461 492
462 463
462 493
463 464
463 494
464 495
465 466
465 496
466 467
466 497
467 468
467 498
468 469
468 499
469 470
469 500
470 471
470 501
471 472
471 502
472 473
472 503
473 474
473 504
474 475
474 505
475 476
475 506
476 477
476 507
477 478
477 508
478 479
478 509
479 480
479 510
480 481
480 511
481 482
481 512
482 483
482 513
483 484
483 514
484 485
484 515
485 486
485 516
486 487
486 517
487 488
487 518
488 489
488 519
489 490
489 520
490 491
490 521
491 492
491 522
492 493
492 523
493 494
493 524
494 495
494 525
495 526
496 497
496 527
497 498
497 528
498 499
498 529
499 500
499 530
500 501
500 531
501 502
501 532
502 503
502 533
503 504
503 534
504 505
504 535
505 506
505 536
506 507
506 537
507 508
507 538
508 509
508 539
509 510
509 540
510 511
510 541
511 512
511 542
512 513
512 543
513 514
513 544
514 515
514 545
515 516
515 546
516 517
516 547
517 518
517 548
518 519
518 549
519 520
519 550
520 521
520 551
521 522
521 552
522 523
522 553
523 524
523 554
524 525
524 555
525 526
525 556
526 557
527 528
527 558
528 529
528 559
529 530
529 560
530 531
530 561
531 532
531 562
532 533
532 563
533 534
533 564
534 535
534 565
535 536
535 566
536 537
536 567
537 538
537 568
538 539
538 569
539 540
539 570
540 541
540 571
541 542
541 572
542 543
542 573
543 544
543 574
544 545
544 575
545 546
545 576
546 547
546 577
547 548
547 578
548 549
548 579
549 550
549 580
550 551
550 581
551 552
551 582
552 553
552 583
553 554
553 584
554 555
554 585
555 556
555 586
556 557
556 587
557 588
558 559
558 589
559 560
559 590
560 561
560 591
561 562
561 592
562 563
562 593
563 564
563 594
564 565
564 595
565 566
565 596
566 567
566 597
567 568
567 598
568 569
568 599
569 570
569 600
570 571
570 601
571 572
571 602
572 573
572 603
573 574
573 604
574 575
574 605
575 576
575 606
576 577
576 607
577 578
577 608
578 579
578 609
579 580
579 610
580 581
580 611
581 582
581 612
582 583
582 613
583 584
583 614
584 585
584 615
585 586
585 616
586 587
586 617
587 588
587 618
588 619
589 590
589 620
590 591
590 621
591 592
591 622
592 593
592 623
593 594
593 624
594 595
594 625
595 596
595 626
596 597
596 627
597 598
597 628
598 599
598 629
599 600
599 630
600 601
600 631
601 602
601 632
602 603
602 633
603 604
603 634
604 605
604 635
605 606
605 636
606 607
606 637
607 608
607 638
608 609
608 639
609 610
609 640
610 611
610 641
611 612
611 642
612 613
612 643
613 614
613 644
614 615
614 645
615 616
615 646
616 617
616 647
617 618
617 648
618 619
618 649
619 650
620 621
620 651
621 622
621 652
622 623
622 653
623 624
623 654
624 625
624 655
625 626
625 656
626 627
626 657
627 628
627 658
628 629
628 659
629 630
629 660
630 631
630 661
631 632
631 662
632 633
632 663
633 634
633 664
634 635
634 665
635 636
635 666
636 637
636 667
637 638
637 668
638 639
638 669
639 640
639 670
640 641
640 671
641 642
641 672
642 643
642 673
643 644
643 674
644 645
644 675
645 646
645 676
646 647
646 677
647 648
647 678
648 649
648 679
649 650
649 680
650 681
651 652
651 682
652 653
652 683
653 654
653 684
654 655
654 685
655 656
655 686
656 657
656 687
657 658
657 688
658 659
658 689
659 660
659 690
660 661
660 691
661 662
661 692
662 663
662 693
663 664
663 694
664 665
664 695
665 666
665 696
666 667
666 697
667 668
667 698
668 669
668 699
669 670
669 700
670 671
670 701
671 672
671 702
672 673
672 703
673 674
673 704
674 675
674 705
675 676
675 706
676 677
676 707
677 678
677 708
678 679
678 709
679 680
679 710
680 681
680 711
681 712
682 683
682 713
683 684
683 714
684 685
684 715
685 686
685 716
686 687
686 717
687 688
687 718
688 689
688 719
689 690
689 720
690 691
690 721
691 692
691 722
692 693
692 723
693 694
693 724
694 695
694 725
695 696
695 726
696 697
696 727
697 698
697 728
698 699
698 729
699 700
699 730
700 701
700 731
701 702
701 732
702 703
702 733
703 704
703 734
704 705
704 735
705 706
705 736
706 707
706 737
707 708
707 738
708 709
708 739
709 710
709 740
710 711
710 741
711 712
711 742
712 743
713 714
713 744
714 715
714 745
715 716
715 746
716 717
716 747
717 718
717 748
718 719
718 749
719 720
719 750
720 721
720 751
721 722
721 752
722 723
722 753
723 724
723 754
724 725
724 755
725 726
725 756
726 727
726 757
727 728
727 758
728 729
728 759
729 730
729 760
730 731
730 761
731 732
731 762
732 733
732 763
733 734
733 764
734 735
734 765
735 736
735 766
736 737
736 767
737 738
737 768
738 739
738 769
739 740
739 770
740 741
740 771
741 742
741 772
742 743
742 773
743 774
744 745
744 775
745 746
745 776
746 747
746 777
747 748
747 778
748 749
748 779
749 750
749 780
750 751
750 781
751 752
751 782
752 753
752 783
753 754
753 784
754 755
754 785
755 756
755 786
756 757
756 787
757 758
757 788
758 759
758 789
759 760
759 790
760 761
760 791
761 762
761 792
762 763
762 793
763 764
763 794
764 765
764 795
765 766
765 796
766 767
766 797
767 768
767 798
768 769
768 799
769 770
769 800
770 771
770 801
771 772
771 802
772 773
772 803
773 774
773 804
774 805
775 776
775 806
776 777
776 807
777 778
777 808
778 779
778 809
779 780
779 810
780 781
780 811
781 782
781 812
782 783
782 813
783 784
783 814
784 785
784 815
785 786
785 816
786 787
786 817
787 788
787 818
788 789
788 819
789 790
789 820
790 791
790 821
791 792
791 822
792 793
792 823
793 794
793 824
794 795
794 825
795 796
795 826
796 797
796 827
797 798
797 828
798 799
798 829
799 800
799 830
800 801
800 831
801 802
801 832
802 803
802 833
803 804
803 834
804 805
804 835
805 836
806 807
806 837
807 808
807 838
808 809
808 839
809 810
809 840
810 811
810 841
811 812
811 842
812 813
812 843
813 814
813 844
814 815
814 845
815 816
815 846
816 817
816 847
817 818
817 848
818 819
818 849
819 820
819 850
820 821
820 851
821 822
821 852
822 823
822 853
823 824
823 854
824 825
824 855
825 826
825 856
826 827
826 857
827 828
827 858
828 829
828 859
829 830
829 860
830 831
830 861
831 832
831 862
832 833
832 863
833 834
833 864
834 835
834 865
835 836
835 866
836 867
837 838
837 868
838 839
838 869
839 840
839 870
840 841
840 871
841 842
841 872
842 843
842 873
843 844
843 874
844 845
844 875
845 846
845 876
846 847
846 877
847 848
847 878
848 849
848 879
849 850
849 880
850 851
850 881
851 852
851 882
852 853
852 883
853 854
853 884
854 855
854 885
855 856
855 886
856 857
856 887
857 858
857 888
858 859
858 889
859 860
859 890
860 861
860 891
861 862
861 892
862 863
862 893
863 864
863 894
864 865
864 895
865 866
865 896
866 867
866 897
867 898
868 869
868 899
869 870
869 900
870 871
870 901
871 872
871 902
872 873
872 903
873 874
873 904
874 875
874 905
875 876
875 906
876 877
876 907
877 878
877 908
878 879
878 909
879 880
879 910
880 881
880 911
881 882
881 912
882 883
882 913
883 884
883 914
884 885
884 915
885 886
885 916
886 887
886 917
887 888
887 918
888 889
888 919
889 890
889 920
890 891
890 921
891 892
891 922
892 893
892 923
893 894
893 924
894 895
894 925
895 896
895 926
896 897
896 927
897 898
897 928
898 929
899 900
899 930
900 901
900 931
901 902
901 932
902 903
902 933
903 904
903 934
904 905
904 935
905 906
905 936
906 907
906 937
907 908
907 938
908 909
908 939
909 910
909 940
910 911
910 941
911 912
911 942
912 913
912 943
913 914
913 944
914 915
914 945
915 916
915 946
916 917
916 947
917 918
917 948
918 919
918 949
919 920
919 950
920 921
920 951
921 922
921 952
922 923
922 953
923 924
923 954
924 925
924 955
925 926
925 956
926 927
926 957
927 928
927 958
928 929
928 959
929 960
930 931
931 932
932 933
933 934
934 935
935 936
936 937
937 938
938 939
939 940
940 941
941 942
942 943
943 944
944 945
945 946
946 947
947 948
948 949
949 950
950 951
951 952
952 953
953 954
954 955
955 956
956 957
957 958
958 959
959 960
