500 499000 0 0 500
0 0.00 0.00
1 0.00 4.76
2 0.00 9.52
3 0.00 14.29
4 0.00 19.05
5 0.00 23.81
6 0.00 28.57
7 0.00 33.33
8 0.00 38.10
9 0.00 42.86
10 0.00 47.62
11 0.00 52.38
12 0.00 57.14
13 0.00 61.90
14 0.00 66.67
15 0.00 71.43
16 0.00 76.19
17 0.00 80.95
18 0.00 85.71
19 0.00 90.48
20 0.00 95.24
21 0.00 100.00
22 4.76 0.00
23 4.76 4.76
24 4.76 9.52
25 4.76 14.29
26 4.76 19.05
27 4.76 23.81
28 4.76 28.57
29 4.76 33.33
30 4.76 38.10
31 4.76 42.86
32 4.76 47.62
33 4.76 52.38
34 4.76 57.14
35 4.76 61.90
36 4.76 66.67
37 4.76 71.43
38 4.76 76.19
39 4.76 80.95
40 4.76 85.71
41 4.76 90.48
42 4.76 95.24
43 4.76 100.00
44 9.52 0.00
45 9.52 4.76
46 9.52 9.52
47 9.52 14.29
48 9.52 19.05
49 9.52 23.81
50 9.52 28.57
51 9.52 33.33
52 9.52 38.10
53 9.52 42.86
54 9.52 47.62
55 9.52 52.38
56 9.52 57.14
57 9.52 61.90
58 9.52 66.67
59 9.52 71.43
60 9.52 76.19
61 9.52 80.95
62 9.52 85.71
63 9.52 90.48
64 9.52 95.24
65 9.52 100.00
66 14.29 0.00
67 14.29 4.76
68 14.29 9.52
69 14.29 14.29
70 14.29 19.05
71 14.29 23.81
72 14.29 28.57
73 14.29 33.33
74 14.29 38.10
75 14.29 42.86
76 14.29 47.62
77 14.29 52.38
78 14.29 57.14
79 14.29 61.90
80 14.29 66.67
81 14.29 71.43
82 14.29 76.19
83 14.29 80.95
84 14.29 85.71
85 14.29 90.48
86 14.29 95.24
87 14.29 100.00
88 19.05 0.00
89 19.05 4.76
90 19.05 9.52
91 19.05 14.29
92 19.05 19.05
93 19.05 23.81
94 19.05 28.57
95 19.05 33.33
96 19.05 38.10
97 19.05 42.86
98 19.05 47.62
99 19.05 52.38
100 19.05 57.14
101 19.05 61.90
102 19.05 66.67
103 19.05 71.43
104 19.05 76.19
105 19.05 80.95
106 19.05 85.71
107 19.05 90.48
108 19.05 95.24
109 19.05 100.00
110 23.81 0.00
111 23.81 4.76
112 23.81 9.52
113 23.81 14.29
114 23.81 19.05
115 23.81 23.81
116 23.81 28.57
117 23.81 33.33
118 23.81 38.10
119 23.81 42.86
120 23.81 47.62
121 23.81 52.38
122 23.81 57.14
123 23.81 61.90
124 23.81 66.67
125 23.81 71.43
126 23.81 76.19
127 23.81 80.95
128 23.81 85.71
129 23.81 90.48
130 23.81 95.24
131 23.81 100.00
132 28.57 0.00
133 28.57 4.76
134 28.57 9.52
135 28.57 14.29
136 28.57 19.05
137 28.57 23.81
138 28.57 28.57
139 28.57 33.33
140 28.57 38.10
141 28.57 42.86
142 28.57 47.62
143 28.57 52.38
144 28.57 57.14
145 28.57 61.90
146 28.57 66.67
147 28.57 71.43
148 28.57 76.19
149 28.57 80.95
150 28.57 85.71
151 28.57 90.48
152 28.57 95.24
153 28.57 100.00
154 33.33 0.00
155 33.33 4.76
156 33.33 9.52
157 33.33 14.29
158 33.33 19.05
159 33.33 23.81
160 33.33 28.57
161 33.33 33.33
162 33.33 38.10
163 33.33 42.86
164 33.33 47.62
165 33.33 52.38
166 33.33 57.14
167 33.33 61.90
168 33.33 66.67
169 33.33 71.43
170 33.33 76.19
171 33.33 80.95
172 33.33 85.71
173 33.33 90.48
174 33.33 95.24
175 33.33 100.00
176 38.10 0.00
177 38.10 4.76
178 38.10 9.52
179 38.10 14.29
180 38.10 19.05
181 38.10 23.81
182 38.10 28.57
183 38.10 33.33
184 38.10 38.10
185 38.10 42.86
186 38.10 47.62
187 38.10 52.38
188 38.10 57.14
189 38.10 61.90
190 38.10 66.67
191 38.10 71.43
192 38.10 76.19
193 38.10 80.95
194 38.10 85.71
195 38.10 90.48
196 38.10 95.24
197 38.10 100.00
198 42.86 0.00
199 42.86 4.76
200 42.86 9.52
201 42.86 14.29
202 42.86 19.05
203 42.86 23.81
204 42.86 28.57
205 42.86 33.33
206 42.86 38.10
207 42.86 42.86
208 42.86 47.62
209 42.86 52.38
210 42.86 57.14
211 42.86 61.90
212 42.86 66.67
213 42.86 71.43
214 42.86 76.19
215 42.86 80.95
216 42.86 85.71
217 42.86 90.48
218 42.86 95.24
219 42.86 100.00
220 47.62 0.00
221 47.62 4.76
222 47.62 9.52
223 47.62 14.29
224 47.62 19.05
225 47.62 23.81
226 47.62 28.57
227 47.62 33.33
228 47.62 38.10
229 47.62 42.86
230 47.62 47.62
231 47.62 52.38
232 47.62 57.14
233 47.62 61.90
234 47.62 66.67
235 47.62 71.43
236 47.62 76.19
237 47.62 80.95
238 47.62 85.71
239 47.62 90.48
240 47.62 95.24
241 47.62 100.00
242 52.38 0.00
243 52.38 4.76
244 52.38 9.52
245 52.38 14.29
246 52.38 19.05
247 52.38 23.81
248 52.38 28.57
249 52.38 33.33
250 52.38 38.10
251 52.38 42.86
252 52.38 47.62
253 52.38 52.38
254 52.38 57.14
255 52.38 61.90
256 52.38 66.67
257 52.38 71.43
258 52.38 76.19
259 52.38 80.95
260 52.38 85.71
261 52.38 90.48
262 52.38 95.24
263 52.38 100.00
264 57.14 0.00
265 57.14 4.76
266 57.14 9.52
267 57.14 14.29
268 57.14 19.05
269 57.14 23.81
270 57.14 28.57
271 57.14 33.33
272 57.14 38.10
273 57.14 42.86
274 57.14 47.62
275 57.14 52.38
276 57.14 57.14
277 57.14 61.90
278 57.14 66.67
279 57.14 71.43
280 57.14 76.19
281 57.14 80.95
282 57.14 85.71
283 57.14 90.48
284 57.14 95.24
285 57.14 100.00
286 61.90 0.00
287 61.90 4.76
288 61.90 9.52
289 61.90 14.29
290 61.90 19.05
291 61.90 23.81
292 61.90 28.57
293 61.90 33.33
294 61.90 38.10
295 61.90 42.86
296 61.90 47.62
297 61.90 52.38
298 61.90 57.14
299 61.90 61.90
300 61.90 66.67
301 61.90 71.43
302 61.90 76.19
303 61.90 80.95
304 61.90 85.71
305 61.90 90.48
306 61.90 95.24
307 61.90 100.00
308 66.67 0.00
309 66.67 4.76
310 66.67 9.52
311 66.67 14.29
312 66.67 19.05
313 66.67 23.81
314 66.67 28.57
315 66.67 33.33
316 66.67 38.10
317 66.67 42.86
318 66.67 47.62
319 66.67 52.38
320 66.67 57.14
321 66.67 61.90
322 66.67 66.67
323 66.67 71.43
324 66.67 76.19
325 66.67 80.95
326 66.67 85.71
327 66.67 90.48
328 66.67 95.24
329 66.67 100.00
330 71.43 0.00
331 71.43 4.76
332 71.43 9.52
333 71.43 14.29
334 71.43 19.05
335 71.43 23.81
336 71.43 28.57
337 71.43 33.33
338 71.43 38.10
339 71.43 42.86
340 71.43 47.62
341 71.43 52.38
342 71.43 57.14
343 71.43 61.90
344 71.43 66.67
345 71.43 71.43
346 71.43 76.19
347 71.43 80.95
348 71.43 85.71
349 71.43 90.48
350 71.43 95.24
351 71.43 100.00
352 76.19 0.00
353 76.19 4.76
354 76.19 9.52
355 76.19 14.29
356 76.19 19.05
357 76.19 23.81
358 76.19 28.57
359 76.19 33.33
360 76.19 38.10
361 76.19 42.86
362 76.19 47.62
363 76.19 52.38
364 76.19 57.14
365 76.19 61.90
366 76.19 66.67
367 76.19 71.43
368 76.19 76.19
369 76.19 80.95
370 76.19 85.71
371 76.19 90.48
372 76.19 95.24
373 76.19 100.00
374 80.95 0.00
375 80.95 4.76
376 80.95 9.52
377 80.95 14.29
378 80.95 19.05
379 80.95 23.81
380 80.95 28.57
381 80.95 33.33
382 80.95 38.10
383 80.95 42.86
384 80.95 47.62
385 80.95 52.38
386 80.95 57.14
387 80.95 61.90
388 80.95 66.67
389 80.95 71.43
390 80.95 76.19
391 80.95 80.95
392 80.95 85.71
393 80.95 90.48
394 80.95 95.24
395 80.95 100.00
396 85.71 0.00
397 85.71 4.76
398 85.71 9.52
399 85.71 14.29
400 85.71 19.05
401 85.71 23.81
402 85.71 28.57
403 85.71 33.33
404 85.71 38.10
405 85.71 42.86
406 85.71 47.62
407 85.71 52.38
408 85.71 57.14
409 85.71 61.90
410 85.71 66.67
411 85.71 71.43
412 85.71 76.19
413 85.71 80.95
414 85.71 85.71
415 85.71 90.48
416 85.71 95.24
417 85.71 100.00
418 90.48 0.00
419 90.48 4.76
420 90.48 9.52
421 90.48 14.29
422 90.48 19.05
423 90.48 23.81
424 90.48 28.57
425 90.48 33.33
426 90.48 38.10
427 90.48 42.86
428 90.48 47.62
429 90.48 52.38
430 90.48 57.14
431 90.48 61.90
432 90.48 66.67
433 90.48 71.43
434 90.48 76.19
435 90.48 80.95
436 90.48 85.71
437 90.48 90.48
438 90.48 95.24
439 90.48 100.00
440 95.24 0.00
441 95.24 4.76
442 95.24 9.52
443 95.24 14.29
444 95.24 19.05
445 95.24 23.81
446 95.24 28.57
447 95.24 33.33
448 95.24 38.10
449 95.24 42.86
450 95.24 47.62
451 95.24 52.38
452 95.24 57.14
453 95.24 61.90
454 95.24 66.67
455 95.24 71.43
456 95.24 76.19
457 95.24 80.95
458 95.24 85.71
459 95.24 90.48
460 95.24 95.24
461 95.24 100.00
462 100.00 0.00
463 100.00 4.76
464 100.00 9.52
465 100.00 14.29
466 100.00 19.05
467 100.00 23.81
468 100.00 28.57
469 100.00 33.33
470 100.00 38.10
471 100.00 42.86
472 100.00 47.62
473 100.00 52.38
474 100.00 57.14
475 100.00 61.90
476 100.00 66.67
477 100.00 71.43
478 100.00 76.19
479 100.00 80.95
480 100.00 85.71
481 100.00 90.48
482 100.00 95.24
483 100.00 100.00
0 1
0 22
1 2
1 23
2 3
2 24
3 4
3 25
4 5
4 26
5 6
5 27
6 7
6 28
7 8
7 29
8 9
8 30
9 10
9 31
10 11
10 32
11 12
11 33
12 13
12 34
13 14
13 35
14 15
14 36
15 16
15 37
16 17
16 38
17 18
17 39
18 19
18 40
19 20
19 41
20 21
20 42
21 43
22 23
22 44
23 24
23 45
24 25
24 46
25 26
25 47
26 27
26 48
27 28
27 49
28 29
28 50
29 30
29 51
30 31
30 52
31 32
31 53
32 33
32 54
33 34
33 55
34 35
34 56
35 36
35 57
36 37
36 58
37 38
37 59
38 39
38 60
39 40
39 61
40 41
40 62
41 42
41 63
42 43
42 64
43 65
44 45
44 66
45 46
45 67
46 47
46 68
47 48
47 69
48 49
48 70
49 50
49 71
50 51
50 72
51 52
51 73
52 53
52 74
53 54
53 75
54 55
54 76
55 56
55 77
56 57
56 78
57 58
57 79
58 59
58 80
59 60
59 81
60 61
60 82
61 62
61 83
62 63
62 84
63 64
63 85
64 65
64 86
65 87
66 67
66 88
67 68
67 89
68 69
68 90
69 70
69 91
70 71
70 92
71 72
71 93
72 73
72 94
73 74
73 95
74 75
74 96
75 76
75 97
76 77
76 98
77 78
77 99
78 79
78 100
79 80
79 101
80 81
80 102
81 82
81 103
82 83
82 104
83 84
83 105
84 85
84 106
85 86
85 107
86 87
86 108
87 109
88 89
88 110
89 90
89 111
90 91
90 112
91 92
91 113
92 93
92 114
93 94
93 115
94 95
94 116
95 96
95 117
96 97
96 118
97 98
97 119
98 99
98 120
99 100
99 121
100 101
100 122
101 102
101 123
102 103
102 124
103 104
103 125
104 105
104 126
105 106
105 127
106 107
106 128
107 108
107 129
108 109
108 130
109 131
110 111
110 132
111 112
111 133
112 113
112 134
113 114
113 135
114 115
114 136
115 116
115 137
116 117
116 138
117 118
117 139
118 119
118 140
119 120
119 141
120 121
120 142
121 122
121 143
122 123
122 144
123 124
123 145
124 125
124 146
125 126
125 147
126 127
126 148
127 128
127 149
128 129
128 150
129 130
129 151
130 131
130 152
131 153
132 133
132 154
133 134
133 155
134 135
134 156
135 136
135 157
136 137
136 158
137 138
137 159
138 139
138 160
139 140
139 161
140 141
140 162
141 142
141 163
142 143
142 164
143 144
143 165
144 145
144 166
145 146
145 167
146 147
146 168
147 148
147 169
148 149
148 170
149 150
149 171
150 151
150 172
151 152
151 173
152 153
152 174
153 175
154 155
154 176
155 156
155 177
156 157
156 178
157 158
157 179
158 159
158 180
159 160
159 181
160 161
160 182
161 162
161 183
162 163
162 184
163 164
163 185
164 165
164 186
165 166
165 187
166 167
166 188
167 168
167 189
168 169
168 190
169 170
169 191
170 171
170 192
171 172
171 193
172 173
172 194
173 174
173 195
174 175
174 196
175 197
176 177
176 198
177 178
177 199
178 179
178 200
179 180
179 201
180 181
180 202
181 182
181 203
182 183
182 204
183 184
183 205
184 185
184 206
185 186
185 207
186 187
186 208
187 188
187 209
188 189
188 210
189 190
189 211
190 191
190 212
191 192
191 213
192 193
192 214
193 194
193 215
194 195
194 216
195 196
195 217
196 197
196 218
197 219
198 199
198 220
199 200
199 221
200 201
200 222
201 202
201 223
202 203
202 224
203 204
203 225
204 205
204 226
205 206
205 227
206 207
206 228
207 208
207 229
208 209
208 230
209 210
209 231
210 211
210 232
211 212
211 233
212 213
212 234
213 214
213 235
214 215
214 236
215 216
215 237
216 217
216 238
217 218
217 239
218 219
218 240
219 241
220 221
220 242
221 222
221 243
222 223
222 244
223 224
223 245
224 225
224 246
225 226
225 247
226 227
226 248
227 228
227 249
228 229
228 250
229 230
229 251
230 231
230 252
231 232
231 253
232 233
232 254
233 234
233 255
234 235
234 256
235 236
235 257
236 237
236 258
237 238
237 259
238 239
238 260
239 240
239 261
240 241
240 262
241 263
242 243
242 264
243 244
243 265
244 245
244 266
245 246
245 267
246 247
246 268
247 248
247 269
248 249
248 270
249 250
249 271
250 251
250 272
251 252
251 273
252 253
252 274
253 254
253 275
254 255
254 276
255 256
255 277
256 257
256 278
257 258
257 279
258 259
258 280
259 260
259 281
260 261
260 282
261 262
261 283
262 263
262 284
263 285
264 265
264 286
265 266
265 287
266 267
266 288
267 268
267 289
268 269
268 290
269 270
269 291
270 271
270 292
271 272
271 293
272 273
272 294
273 274
273 295
274 275
274 296
275 276
275 297
276 277
276 298
277 278
277 299
278 279
278 300
279 280
279 301
280 281
280 302
281 282
281 303
282 283
282 304
283 284
283 305
284 285
284 306
285 307
286 287
286 308
287 288
287 309
288 289
288 310
289 290
289 311
290 291
290 312
291 292
291 313
292 293
292 314
293 294
293 315
294 295
294 316
295 296
295 317
296 297
296 318
297 298
297 319
298 299
298 320
299 300
299 321
300 301
300 322
301 302
301 323
302 303
302 324
303 304
303 325
304 305
304 326
305 306
305 327
306 307
306 328
307 329
308 309
308 330
309 310
309 331
310 311
310 332
311 312
311 333
312 313
312 334
313 314
313 335
314 315
314 336
315 316
315 337
316 317
316 338
317 318
317 339
318 319
318 340
319 320
319 341
320 321
320 342
321 322
321 343
322 323
322 344
323 324
323 345
324 325
324 346
325 326
325 347
326 327
326 348
327 328
327 349
328 329
328 350
329 351
330 331
330 352
331 332
331 353
332 333
332 354
333 334
333 355
334 335
334 356
335 336
335 357
336 337
336 358
337 338
337 359
338 339
338 360
339 340
339 361
340 341
340 362
341 342
341 363
342 343
342 364
343 344
343 365
344 345
344 366
345 346
345 367
346 347
346 368
347 348
347 369
348 349
348 370
349 350
349 371
350 351
350 372
351 373
352 353
352 374
353 354
353 375
354 355
354 376
355 356
355 377
356 357
356 378
357 358
357 379
358 359
358 380
359 360
359 381
360 361
360 382
361 362
361 383
362 363
362 384
363 364
363 385
364 365
364 386
365 366
365 387
366 367
366 388
367 368
367 389
368 369
368 390
369 370
369 391
370 371
370 392
371 372
371 393
372 373
372 394
373 395
374 375
374 396
375 376
375 397
376 377
376 398
377 378
377 399
378 379
378 400
379 380
379 401
380 381
380 402
381 382
381 403
382 383
382 404
383 384
383 405
384 385
384 406
385 386
385 407
386 387
386 408
387 388
387 409
388 389
388 410
389 390
389 411
390 391
390 412
391 392
391 413
392 393
392 414
393 394
393 415
394 395
394 416
395 417
396 397
396 418
397 398
397 419
398 399
398 420
399 400
399 421
400 401
400 422
401 402
401 423
402 403
402 424
403 404
403 425
404 405
404 426
405 406
405 427
406 407
406 428
407 408
407 429
408 409
408 430
409 410
409 431
410 411
410 432
411 412
411 433
412 413
412 434
413 414
413 435
414 415
414 436
415 416
415 437
416 417
416 438
417 439
418 419
418 440
419 420
419 441
420 421
420 442
421 422
421 443
422 423
422 444
423 424
423 445
424 425
424 446
425 426
425 447
426 427
426 448
427 428
427 449
428 429
428 450
429 430
429 451
430 431
430 452
431 432
431 453
432 433
432 454
433 434
433 455
434 435
434 456
435 436
435 457
436 437
436 458
437 438
437 459
438 439
438 460
439 461
440 441
440 462
441 442
441 463
442 443
442 464
443 444
443 465
444 445
444 466
445 446
445 467
446 447
446 468
447 448
447 469
448 449
448 470
449 450
449 471
450 451
450 472
451 452
451 473
452 453
452 474
453 454
453 475
454 455
454 476
455 456
455 477
456 457
456 478
457 458
457 479
458 459
458 480
459 460
459 481
460 461
460 482
461 483
462 463
463 464
464 465
465 466
466 467
467 468
468 469
469 470
470 471
471 472
472 473
473 474
474 475
475 476
476 477
477 478
478 479
479 480
480 481
481 482
482 483
